3213007728
3213007734
3213007735
3213007736
3213007738
3213007739
3213007740
3213007746
3213007748
3213007749
3213007750
3213007751
3213007756
3213007762
3213007769
3213007773
3213007775
3213007778
3213007779
3213007784
3213007785
3213007791
3213007792
3213007793
3213007796
3213007799
3213007807
3213007809
3213007811
3213007812
3213007814
3213007815
3213007816
3213007817
3213007819
3213007820
3213007823
3213007824
3213007826
3213007828
3213007830
3213007831
3213007833
3213007835
3213007837
3213007839
3213007843
3213007844
3213007846
3213007853
3213007860
3213007861
3213007863
3213007865
3213007866
3213007867
3213007870
3213007871
3213007876
3213007878
3213007884
3213007889
3213007893
3213007895
3213007896
3213007903
3213007908
3213007909
3213007912
3213007914
3213007923
3213007924
3213007932
3213007941
3213007943
3213007946
3213007949
3213007951
3213007952
3213007960
3213007962
3213007963
3213007964
3213007967
3213007968
3213007969
3213007971
3213007973
3213007975
3213007977
3213007978
3213007982
3213007983
3213007985
3213007987
3213007988
3213007991
3213007992
3213007995
3213007996
3213007997
3213007998
3213008000
3213008001
3213008004
3213008005
3213008006
3213008007
3213008012
3213008015
3213008016
3213008017
3213008019
3213008020
3213008022
3213008025
3213008026
3213008029
3213008032
3213008034
3213008035
3213008037
3213008042
3213008044
3213008047
3213008051
3213008054
3213008060
3213008062
3213008065
3213008067
3213008069
3213008070
3213008075
3213008076
3213008078
3213008079
3213008083
3213008085
3213008088
3213008090
3213008093
3213008097
3213008108
3213008110
3213008112
3213008114
3213008115
3213008120
3213008123
3213008124
3213008125
3213008126
3213008128
3213008130
3213008134
3213008135
3213008138
3213008146
3213008148
3213008149
3213008153
3213008154
3213008156
3213008158
3213008159
3213008160
3213008161
3213008165

3213008165
3213008168
3213008172
3213008173
3213008188
3213008190
3213008202
3213008204
3213008205
3213008207
3213008210
3213008212
3213008217
3213008219
3213008220
3213008222
3213008232
3213008233
3213008235
3213008239
3213008244
3213008247
3213008254
3213008255
3213008258
3213008260
3213008261
3213008262
3213008263
3213008265
3213008266
3213008268
3213008273
3213008275
3213008277
3213008279
3213008280
3213008283
3213008285
3213008286
3213008288
3213008289
3213008290
3213008296
3213008297
3213008300
3213008303
3213008307
3213008309
3213008311
3213008313
3213008316
3213008319
3213008323
3213008324
3213008326
3213008330
3213008332
3213008333
3213008334
3213008335
3213008336
3213008340
3213008341
3213008342
3213008344
3213008345
3213008346
3213008347
3213008349
3213008350
3213008352
3213008358
3213008360
3213008362
3213008364
3213008366
3213008368
3213008370
3213008371
3213008372
3213008373
3213008376
3213008377
3213008378
3213008380
3213008381
3213008382
3213008389
3213008390
3213008396
3213008397
3213008402
3213008403
3213008404
3213008405
3213008406
3213008409
3213008410
3213008413
3213008417
3213008418
3213008419
3213008421
3213008422
3213008424
3213008426
3213008427
3213008429
3213008432
3213008433
3213008434
3213008435
3213008441
3213008445
3213008450
3213008452
3213008454
3213008455
3213008458
3213008460
3213008462
3213008468
3213008470
3213008471
3213008475
3213008478
3213008482
3213008484
3213008485
3213008487
3213008488
3213008490
3213008491
3213008496
3213008497
3213008498
3213008499
3213008502
3213008505
3213008508
3213008513
3213008514
3213008515
3213008516
3213008519
3213008520
3213008521
3213008522
3213008524
3213008525
3213008530
3213008532
3213008536
3213008538
3213008540
3213008542
3213008543
3213008544
3213008547
3213008549
3213008556
3213008559
3213008560
3213008561
3213008562
3213008566
3213008570
3213008571
3213008579
3213008584
3213008585
3213008592
3213008594
3213008600
3213008603
3213008605
3213008606
3213008609
3213008613
3213008616
3213008617
3213008618
3213008620
3213008621
3213008624
3213008625
3213008626
3213008629
3213008630
3213008632
3213008633
3213008635
3213008636
3213008638
3213008640
3213008641
3213008643
3213008644
3213008647
3213008650
3213008651
3213008652
3213008655
3213008657
3213008662
3213008665
3213008670
3213008672
3213008673
3213008674
3213008676
3213008680
3213008683
3213008685
3213008686
3213008688
3213008690
3213008691
3213008692
3213008693
3213008695
3213008696
3213008697
3213008699
3213008702
3213008704
3213008706
3213008707
3213008712
3213008717
3213008719
3213008721
3213008723
3213008724
3213008728
3213008734
3213008736
3213008739
3213008740
3213008741
3213008742
3213008749
3213008753
3213008757
3213008760
3213008762
3213008769
3213008775
3213008776
3213008777
3213008778
3213008781
3213008782
3213008788
3213008790
3213008791
3213008796
3213008797
3213008798
3213008799
3213008800
3213008802
3213008803
3213008804
3213008805
3213008806
3213008810
3213008814
3213008815
3213008816
3213008818
3213008820
3213008821
3213008822
3213008823
3213008824
3213008825
3213008827
3213008834
3213008837
3213008838
3213008839
3213008843
3213008844
3213008845
3213008847
3213008848
3213008851
3213008852
3213008853
3213008857
3213008860
3213008865
3213008868
3213008872
3213008876
3213008879
3213008881
3213008883
3213008885
3213008886
3213008887
3213008890
3213008897
3213008900
3213008902
3213008905
3213008908
3213008909
3213008912
3213008914
3213008915
3213008916
3213008918
3213008922
3213008925
3213008927
3213008928
3213008935
3213008942
3213008943
3213008945
3213008947
3213008954
3213008956
3213008961
3213008962
3213008965
3213008967
3213008973
3213008975
3213008980
3213008982
3213008983
3213008985
3213008986
3213008989
3213008997
3213008998
3213008999
3213009001
3213009002
3213009005
3213009007
3213009008
3213009009
3213009010
3213009011
3213009012
3213009015
3213009020
3213009022
3213009026
3213009027
3213009028
3213009033
3213009035
3213009036
3213009038
3213009042
3213009044
3213009045
3213009046
3213009053
3213009055
3213009056
3213009057
3213009058
3213009061
3213009062
3213009065
3213009069
3213009070
3213009072
3213009078
3213009081
3213009082
3213009085
3213009088
3213009089
3213009092
3213009094
3213009095
3213009096
3213009098
3213009099
3213009100
3213009102
3213009106
3213009110
3213009112
3213009114
3213009117
3213009121
3213009122
3213009123
3213009125
3213009126
3213009127
3213009128
3213009130
3213009134
3213009138
3213009139
3213009147
3213009148
3213009154
3213009155
3213009160
3213009162
3213009167
3213009169
3213009172
3213009174
3213009178
3213009179
3213009181
3213009183
3213009184
3213009185
3213009188
3213009190
3213009191
3213009194
3213009198
3213009201
3213009203
3213009204
3213009206
3213009208
3213009209
3213009212
3213009213
3213009214
3213009216
3213009218
3213009219
3213009220
3213009221
3213009223
3213009225
3213009226
3213009228
3213009229
3213009230
3213009231
3213009234
3213009235
3213009240
3213009242
3213009245
3213009246
3213009256
3213009256
3213009261
3213009263
3213009266
3213009268
3213009269
3213009273
3213009278
3213009279
3213009280
3213009281
3213009282
3213009283
3213009284
3213009285
3213009286
3213009288
3213009294
3213009295
3213009296
3213009297
3213009298
3213009299
3213009301
3213009303
3213009304
3213009305
3213009308
3213009313
3213009315
3213009316
3213009317
3213009318
3213009320
3213009321
3213009323
3213009328
3213009329
3213009332
3213009334
3213009338
3213009339
3213009343
3213009344
3213009345
3213009346
3213009349
3213009352
3213009355
3213009356
3213009367
3213009368
3213009369
3213009371
3213009372
3213009374
3213009375
3213009377
3213009384
3213009387
3213009389
3213009396
3213009399
3213009400
3213009401
3213009403
3213009404
3213009406
3213009410
3213009411
3213009412
3213009414
3213009418
3213009420
3213009421
3213009423
3213009425
3213009428
3213009431
3213009432
3213009435
3213009436
3213009437
3213009438
3213009439
3213009441
3213009444
3213009447
3213009454
3213009456
3213009460
3213009462
3213009466
3213009467
3213009471
3213009472
3213009473
3213009474
3213009476
3213009477
3213009479
3213009481
3213009482
3213009483
3213009484
3213009487
3213009488
3213009495
3213009496
3213009497
3213009502
3213009504
3213009506
3213009510
3213009511
3213009516
3213009518
3213009519
3213009521
3213009525
3213009530
3213009532
3213009535
3213009538
3213009539
3213009541
3213009544
3213009546
3213009548
3213009550
3213009551
3213009553
3213009558
3213009561
3213009563
3213009565
3213009567
3213009568
3213009573
3213009578
3213009579
3213009582
3213009585
3213009586
3213009587
3213009589
3213009591
3213009594
3213009595
3213009596
3213009598
3213009601
3213009602
3213009603
3213009609
3213009611
3213009612
3213009614
3213009615
3213009617
3213009625
3213009626
3213009627
3213009629
3213009630
3213009632
3213009634
3213009637
3213009640
3213009645
3213009646
3213009648
3213009650
3213009651
3213009652
3213009653
3213009654
3213009655
3213009656
3213009661
3213009663
3213009665
3213009666
3213009667
3213009672
3213009673
3213009674
3213009679
3213009682
3213009682
3213009687
3213009689
3213009691
3213009692
3213009693
3213009694
3213009695
3213009697
3213009699
3213009701
3213009703
3213009714
3213009718
3213009719
3213009720
3213009724
3213009725
3213009728
3213009730
3213009732
3213009733
3213009736
3213009742
3213009750
3213009753
3213009756
3213009759
3213009762
3213009763
3213009764
3213009765
3213009766
3213009769
3213009773
3213009774
3213009778
3213009779
3213009780
3213009784
3213009785
3213009787
3213009788
3213009798
3213009802
3213009803
3213009812
3213009818
3213009821
3213009825
3213009826
3213009827
3213009830
3213009831
3213009834
3213009839
3213009842
3213009846
3213009847
3213009850
3213009851
3213009854
3213009856
3213009857
3213009859
3213009860
3213009866
3213009868
3213009869
3213009873
3213009877
3213009882
3213009884
3213009885
3213009887
3213009890
3213009891
3213009894
3213009902
3213009903
3213009904
3213009908
3213009911
3213009915
3213009919
3213009927
3213009930
3213009936
3213009938
3213009942
3213009944
3213009945
3213009953
3213009957
3213009960
3213009965
3213009966
3213009971
3213009972
3213009980
3213009982
3213009984
3213009985
3213009987
3213009989
3213009992
3213009993
3213009995
3213009997
3213009999
3213010000
3213010002
3213010010
3213010011
3213010012
3213010015
3213010021
3213010028
3213010033
3213010034
3213010036
3213010040
3213010041
3213010042
3213010045
3213010046
3213010047
3213010048
3213010049
3213010050
3213010051
3213010052
3213010055
3213010056
3213010057
3213010059
3213010064
3213010066
3213010074
3213010077
3213010078
3213010079
3213010080
3213010083
3213010086
3213010091
3213010092
3213010093
3213010096
3213010097
3213010099
3213010100
3213010104
3213010105
3213010106
3213010107
3213010112
3213010113
3213010114
3213010116
3213010119
3213010120
3213010123
3213010124
3213010128
3213010134
3213010135
3213010136
3213010137
3213010138
3213010143
3213010145
3213010151
3213010152
3213010154
3213010157
3213010159
3213010161
3213010163
3213010166
3213010170
3213010174
3213010177
3213010178
3213010179
3213010184
3213010185
3213010186
3213010187
3213010189
3213010191
3213010194
3213010197
3213010199
3213010205
3213010209
3213010210
3213010211
3213010216
3213010217
3213010223
3213010224
3213010230
3213010234
3213010235
3213010242
3213010248
3213010250
3213010252
3213010253
3213010262
3213010264
3213010265
3213010266
3213010267
3213010272
3213010281
3213010283
3213010288
3213010290
3213010292
3213010305
3213010306
3213010307
3213010308
3213010311
3213010312
3213010314
3213010319
3213010320
3213010326
3213010330
3213010331
3213010334
3213010336
3213010338
3213010341
3213010345
3213010348
3213010349
3213010355
3213010356
3213010361
3213010363
3213010367
3213010368
3213010371
3213010375
3213010377
3213010383
3213010388
3213010389
3213010403
3213010404
3213010405
3213010414
3213010422
3213010424
3213010425
3213010428
3213010430
3213010439
3213010440
3213010452
3213010454
3213010457
3213010467
3213010471
3213010475
3213010479
3213010481
3213010487
3213010488
3213010489
3213010494
3213010500
3213010502
3213010506
3213010510
3213010511
3213010514
3213010515
3213010516
3213010521
3213010528
3213010529
3213010532
3213010533
3213010536
3213010537
3213010538
3213010545
3213010547
3213010549
3213010552
3213010553
3213010554
3213010556
3213010558
3213010564
3213010570
3213010572
3213010573
3213010581
3213010584
3213010585
3213010591
3213010593
3213010600
3213010601
3213010605
3213010606
3213010608
3213010609
3213010614
3213010617
3213010618
3213010624
3213010627
3213010630
3213010632
3213010634
3213010640
3213010641
3213010649
3213010655
3213010656
3213010660
3213010663
3213010665
3213010667
3213010668
3213010671
3213010675
3213010678
3213010683
3213010686
3213010688
3213010689
3213010691
3213010694
3213010695
3213010700
3213010703
3213010710
3213010715
3213010719
3213010722
3213010724
3213010726
3213010727
3213010733
3213010734
3213010736
3213010743
3213010744
3213010746
3213010747
3213010748
3213010751
3213010762
3213010764
3213010771
3213010772
3213010773
3213010774
3213010775
3213010791
3213010792
3213010793
3213010795
3213010796
3213010798
3213010802
3213010804
3213010805
3213010806
3213010808
3213010817
3213010822
3213010827
3213010828
3213010829
3213010831
3213010832
3213010836
3213010841
3213010843
3213010844
3213010853
3213010856
3213010857
3213010861
3213010862
3213010865
3213010867
3213010868
3213010879
3213010882
3213010884
3213010885
3213010887
3213010899
3213010900
3213010902
3213010903
3213010909
3213010912
3213010918
3213010923
3213010924
3213010927
3213010932
3213010936
3213010939
3213010941
3213010943
3213010944
3213010945
3213010952
3213010956
3213010962
3213010965
3213010968
3213010969
3213010970
3213010971
3213010976
3213010977
3213010981
3213010982
3213010983
3213010986
3213010993
3213010994
3213010995
3213011000
3213011004
3213011007
3213011008
3213011011
3213011015
3213011016
3213011017
3213011028
3213011038
3213011039
3213011047
3213011048
3213011051
3213011052
3213011053
3213011055
3213011056
3213011058
3213011059
3213011062
3213011063
3213011065
3213011071
3213011072
3213011078
3213011082
3213011083
3213011086
3213011087
3213011089
3213011092
3213011093
3213011094
3213011099
3213011100
3213011101
3213011104
3213011105
3213011107
3213011113
3213011118
3213011121
3213011123
3213011125
3213011126
3213011131
3213011137
3213011139
3213011151
3213011157
3213011158
3213011159
3213011161
3213011162
3213011163
3213011167
3213011168
3213011169
3213011170
3213011172
3213011173
3213011175
3213011182
3213011187
3213011191
3213011197
3213011200
3213011203
3213011207
3213011209
3213011215
3213011216
3213011220
3213011225
3213011226
3213011227
3213011229
3213011233
3213011234
3213011237
3213011238
3213011239
3213011240
3213011248
3213011250
3213011253
3213011256
3213011259
3213011260
3213011264
3213011265
3213011270
3213011275
3213011276
3213011284
3213011285
3213011290
3213011292
3213011295
3213011301
3213011303
3213011308
3213011310
3213011311
3213011313
3213011314
3213011316
3213011320
3213011323
3213011325
3213011331
3213011336
3213011340
3213011344
3213011346
3213011348
3213011351
3213011352
3213011353
3213011356
3213011359
3213011360
3213011362
3213011364
3213011366
3213011370
3213011373
3213011374
3213011375
3213011376
3213011381
3213011382
3213011383
3213011384
3213011387
3213011388
3213011389
3213011394
3213011395
3213011397
3213011398
3213011401
3213011405
3213011406
3213011407
3213011413
3213011414
3213011418
3213011419
3213011430
3213011431
3213011435
3213011443
3213011444
3213011446
3213011447
3213011456
3213011458
3213011464
3213011467
3213011468
3213011469
3213011475
3213011483
3213011484
3213011485
3213011490
3213011493
3213011495
3213011498
3213011501
3213011502
3213011505
3213011508
3213011509
3213011510
3213011512
3213011515
3213011516
3213011518
3213011519
3213011521
3213011523
3213011525
3213011527
3213011529
3213011530
3213011531
3213011542
3213011544
3213011549
3213011551
3213011558
3213011560
3213011561
3213011562
3213011563
3213011569
3213011570
3213011574
3213011578
3213011579
3213011590
3213011599
3213011611
3213011620
3213011621
3213011632
3213011634
3213011635
3213011636
3213011641
3213011642
3213011644
3213011646
3213011647
3213011649
3213011651
3213011656
3213011657
3213011658
3213011662
3213011663
3213011664
3213011668
3213011669
3213011670
3213011677
3213011682
3213011688
3213011689
3213011690
3213011692
3213011693
3213011694
3213011695
3213011696
3213011697
3213011699
3213011700
3213011701
3213011703
3213011704
3213011706
3213011709
3213011710
3213011711
3213011716
3213011721
3213011726
3213011728
3213011731
3213011734
3213011735
3213011737
3213011742
3213011744
3213011745
3213011748
3213011749
3213011750
3213011751
3213011752
3213011759
3213011766
3213011767
3213011771
3213011786
3213011788
3213011789
3213011792
3213011793
3213011801
3213011802
3213011804
3213011818
3213011819
3213011822
3213011825
3213011827
3213011830
3213011831
3213011832
3213011833
3213011835
3213011836
3213011837
3213011838
3213011847
3213011852
3213011853
3213011854
3213011859
3213011860
3213011863
3213011864
3213011866
3213011867
3213011871
3213011873
3213011875
3213011881
3213011883
3213011884
3213011891
3213011893
3213011901
3213011902
3213011909
3213011910
3213011916
3213011917
3213011918
3213011922
3213011923
3213011926
3213011927
3213011928
3213011929
3213011930
3213011934
3213011940
3213011944
3213011948
3213011950
3213011954
3213011959
3213011960
3213011961
3213011962
3213011964
3213011965
3213011974
3213011976
3213011988
3213011992
3213011996
3213011997
3213012000
3213012001
3213012002
3213012003
3213012006
3213012007
3213012008
3213012010
3213012011
3213012012
3213012014
3213012015
3213012024
3213012025
3213012027
3213012028
3213012032
3213012037
3213012038
3213012039
3213012041
3213012043
3213012047
3213012050
3213012051
3213012052
3213012053
3213012056
3213012057
3213012059
3213012061
3213012067
3213012074
3213012080
3213012084
3213012085
3213012087
3213012089
3213012090
3213012093
3213012096
3213012100
3213012101
3213012103
3213012104
3213012107
3213012109
3213012110
3213012112
3213012117
3213012130
3213012132
3213012134
3213012137
3213012144
3213012145
3213012150
3213012152
3213012156
3213012160
3213012170
3213012171
3213012178
3213012183
3213012184
3213012185
3213012186
3213012187
3213012189
3213012191
3213012194
3213012199
3213012204
3213012205
3213012206
3213012208
3213012209
3213012210
3213012212
3213012215
3213012220
3213012227
3213012229
3213012234
3213012236
3213012237
3213012242
3213012243
3213012246
3213012247
3213012254
3213012260
3213012261
3213012262
3213012263
3213012267
3213012269
3213012270
3213012272
3213012277
3213012290
3213012291
3213012294
3213012296
3213012297
3213012299
3213012300
3213012307
3213012309
3213012310
3213012314
3213012315
3213012319
3213012333
3213012337
3213012338
3213012342
3213012355
3213012357
3213012359
3213012361
3213012363
3213012364
3213012365
3213012369
3213012370
3213012373
3213012375
3213012376
3213012379
3213012380
3213012388
3213012400
3213012401
3213012402
3213012408
3213012409
3213012411
3213012412
3213012414
3213012416
3213012419
3213012421
3213012422
3213012429
3213012433
3213012435
3213012443
3213012447
3213012449
3213012458
3213012459
3213012463
3213012466
3213012467
3213012469
3213012471
3213012473
3213012480
3213012487
3213012493
3213012494
3213012496
3213012497
3213012498
3213012506
3213012507
3213012508
3213012509
3213012510
3213012516
3213012517
3213012522
3213012523
3213012527
3213012534
3213012540
3213012541
3213012544
3213012545
3213012549
3213012553
3213012561
3213012564
3213012568
3213012570
3213012572
3213012578
3213012583
3213012585
3213012588
3213012598
3213012600
3213012607
3213012608
3213012609
3213012613
3213012615
3213012619
3213012620
3213012624
3213012627
3213012631
3213012632
3213012633
3213012637
3213012644
3213012646
3213012649
3213012651
3213012653
3213012654
3213012657
3213012658
3213012659
3213012663
3213012670
3213012671
3213012674
3213012675
3213012680
3213012682
3213012685
3213012692
3213012693
3213012694
3213012697
3213012698
3213012700
3213012702
3213012704
3213012710
3213012711
3213012719
3213012725
3213012730
3213012734
3213012736
3213012737
3213012738
3213012741
3213012745
3213012746
3213012750
3213012754
3213012755
3213012759
3213012762
3213012765
3213012768
3213012770
3213012771
3213012773
3213012774
3213012777
3213012780
3213012785
3213012789
3213012791
3213012792
3213012794
3213012795
3213012800
3213012803
3213012804
3213012805
3213012813
3213012814
3213012817
3213012819
3213012820
3213012823
3213012826
3213012827
3213012828
3213012829
3213012830
3213012831
3213012832
3213012835
3213012837
3213012841
3213012844
3213012845
3213012848
3213012849
3213012853
3213012855
3213012858
3213012861
3213012864
3213012865
3213012866
3213012871
3213012873
3213012874
3213012876
3213012877
3213012889
3213012892
3213012898
3213012899
3213012903
3213012905
3213012907
3213012909
3213012911
3213012912
3213012914
3213012917
3213012919
3213012920
3213012922
3213012927
3213012934
3213012937
3213012938
3213012945
3213012948
3213012949
3213012951
3213012952
3213012956
3213012957
3213012962
3213012963
3213012964
3213012965
3213012967
3213012968
3213012969
3213012976
3213012979
3213012987
3213012988
3213012989
3213012991
3213012991
3213013000
3213013002
3213013004
3213013006
3213013007
3213013011
3213013014
3213013015
3213013016
3213013021
3213013023
3213013025
3213013027
3213013035
3213013036
3213013041
3213013042
3213013043
3213013046
3213013053
3213013057
3213013058
3213013061
3213013065
3213013067
3213013073
3213013080
3213013084
3213013097
3213013099
3213013102
3213013108
3213013109
3213013110
3213013115
3213013116
3213013117
3213013118
3213013122
3213013125
3213013126
3213013127
3213013131
3213013139
3213013144
3213013146
3213013147
3213013150
3213013151
3213013152
3213013165
3213013166
3213013170
3213013172
3213013173
3213013174
3213013180
3213013187
3213013188
3213013192
3213013194
3213013195
3213013203
3213013205
3213013211
3213013214
3213013216
3213013217
3213013218
3213013229
3213013233
3213013235
3213013236
3213013238
3213013239
3213013241
3213013249
3213013250
3213013251
3213013256
3213013260
3213013262
3213013264
3213013265
3213013270
3213013272
3213013275
3213013276
3213013279
3213013282
3213013289
3213013290
3213013291
3213013293
3213013307
3213013308
3213013313
3213013318
3213013320
3213013323
3213013328
3213013330
3213013333
3213013334
3213013335
3213013336
3213013337
3213013340
3213013350
3213013352
3213013354
3213013356
3213013363
3213013365
3213013372
3213013373
3213013374
3213013375
3213013377
3213013383
3213013386
3213013387
3213013389
3213013394
3213013397
3213013399
3213013400
3213013401
3213013402
3213013406
3213013408
3213013410
3213013411
3213013413
3213013414
3213013415
3213013421
3213013422
3213013423
3213013424
3213013426
3213013430
3213013433
3213013434
3213013442
3213013443
3213013444
3213013446
3213013450
3213013465
3213013468
3213013477
3213013481
3213013484
3213013495
3213013496
3213013497
3213013498
3213013505
3213013506
3213013509
3213013511
3213013512
3213013515
3213013518
3213013524
3213013525
3213013526
3213013529
3213013536
3213013538
3213013539
3213013543
3213013547
3213013548
3213013551
3213013554
3213013556
3213013557
3213013559
3213013575
3213013577
3213013582
3213013584
3213013588
3213013589
3213013596
3213013598
3213013599
3213013601
3213013607
3213013608
3213013612
3213013613
3213013614
3213013619
3213013622
3213013623
3213013626
3213013627
3213013628
3213013633
3213013634
3213013639
3213013640
3213013641
3213013650
3213013653
3213013656
3213013659
3213013660
3213013664
3213013666
3213013668
3213013673
3213013676
3213013677
3213013678
3213013682
3213013687
3213013689
3213013690
3213013693
3213013698
3213013700
3213013701
3213013702
3213013703
3213013706
3213013711
3213013716
3213013718
3213013722
3213013723
3213013731
3213013733
3213013736
3213013739
3213013744
3213013749
3213013757
3213013760
3213013761
3213013762
3213013764
3213013767
3213013769
3213013772
3213013773
3213013775
3213013778
3213013786
3213013789
3213013790
3213013791
3213013792
3213013796
3213013799
3213013800
3213013805
3213013806
3213013808
3213013810
3213013815
3213013817
3213013819
3213013820
3213013821
3213013822
3213013823
3213013826
3213013827
3213013828
3213013833
3213013837
3213013841
3213013842
3213013844
3213013845
3213013850
3213013853
3213013854
3213013855
3213013859
3213013861
3213013863
3213013867
3213013869
3213013872
3213013877
3213013879
3213013882
3213013885
3213013887
3213013888
3213013903
3213013907
3213013908
3213013910
3213013911
3213013919
3213013920
3213013922
3213013923
3213013925
3213013936
3213013937
3213013939
3213013940
3213013944
3213013947
3213013948
3213013954
3213013959
3213013966
3213013973
3213013977
3213013978
3213013981
3213013987
3213013988
3213013989
3213013997
3213013998
3213013999
3213014000
3213014003
3213014004
3213014006
3213014009
3213014013
3213014015
3213014018
3213014019
3213014020
3213014021
3213014024
3213014026
3213014028
3213014029
3213014032
3213014036
3213014038
3213014045
3213014046
3213014047
3213014049
3213014051
3213014061
3213014062
3213014063
3213014065
3213014066
3213014068
3213014070
3213014072
3213014074
3213014075
3213014076
3213014078
3213014084
3213014089
3213014092
3213014096
3213014101
3213014107
3213014113
3213014116
3213014124
3213014127
3213014130
3213014132
3213014134
3213014135
3213014142
3213014147
3213014150
3213014154
3213014155
3213014156
3213014157
3213014164
3213014166
3213014168
3213014170
3213014173
3213014174
3213014175
3213014178
3213014182
3213014183
3213014184
3213014185
3213014186
3213014187
3213014188
3213014190
3213014194
3213014196
3213014197
3213014200
3213014205
3213014206
3213014208
3213014212
3213014214
3213014216
3213014223
3213014228
3213014236
3213014239
3213014243
3213014245
3213014252
3213014254
3213014255
3213014257
3213014259
3213014261
3213014262
3213014264
3213014266
3213014268
3213014270
3213014273
3213014275
3213014277
3213014280
3213014281
3213014289
3213014290
3213014293
3213014295
3213014296
3213014297
3213014298
3213014299
3213014301
3213014303
3213014304
3213014305
3213014307
3213014311
3213014312
3213014314
3213014324
3213014325
3213014327
3213014331
3213014337
3213014349
3213014351
3213014353
3213014359
3213014361
3213014362
3213014365
3213014366
3213014369
3213014371
3213014373
3213014379
3213014381
3213014389
3213014390
3213014392
3213014394
3213014398
3213014403
3213014404
3213014406
3213014409
3213014418
3213014423
3213014426
3213014427
3213014429
3213014430
3213014431
3213014432
3213014433
3213014438
3213014439
3213014440
3213014441
3213014443
3213014446
3213014448
3213014449
3213014457
3213014459
3213014469
3213014472
3213014479
3213014485
3213014489
3213014492
3213014494
3213014496
3213014498
3213014499
3213014500
3213014503
3213014504
3213014507
3213014510
3213014519
3213014525
3213014534
3213014539
3213014543
3213014547
3213014549
3213014550
3213014552
3213014556
3213014557
3213014560
3213014561
3213014565
3213014566
3213014567
3213014574
3213014575
3213014577
3213014580
3213014582
3213014583
3213014591
3213014594
3213014597
3213014603
3213014606
3213014608
3213014609
3213014611
3213014613
3213014615
3213014617
3213014621
3213014623
3213014625
3213014628
3213014631
3213014634
3213014635
3213014636
3213014637
3213014638
3213014639
3213014642
3213014646
3213014647
3213014650
3213014657
3213014662
3213014664
3213014666
3213014672
3213014673
3213014674
3213014677
3213014679
3213014682
3213014685
3213014687
3213014691
3213014693
3213014706
3213014711
3213014714
3213014718
3213014720
3213014721
3213014723
3213014725
3213014728
3213014729
3213014730
3213014732
3213014733
3213014735
3213014736
3213014738
3213014741
3213014743
3213014745
3213014746
3213014747
3213014749
3213014750
3213014751
3213014758
3213014763
3213014764
3213014765
3213014769
3213014770
3213014772
3213014773
3213014774
3213014783
3213014785
3213014787
3213014788
3213014789
3213014794
3213014800
3213014801
3213014807
3213014808
3213014815
3213014822
3213014826
3213014827
3213014829
3213014832
3213014834
3213014835
3213014836
3213014838
3213014839
3213014840
3213014842
3213014843
3213014845
3213014849
3213014854
3213014859
3213014862
3213014865
3213014866
3213014874
3213014877
3213014878
3213014879
3213014881
3213014884
3213014887
3213014890
3213014891
3213014892
3213014893
3213014895
3213014898
3213014901
3213014902
3213014908
3213014916
3213014925
3213014927
3213014928
3213014929
3213014931
3213014933
3213014935
3213014936
3213014939
3213014941
3213014950
3213014951
3213014952
3213014960
3213014972
3213014979
3213014980
3213014981
3213014982
3213014983
3213014988
3213014999
3213015000
3213015004
3213015011
3213015012
3213015014
3213015015
3213015016
3213015017
3213015031
3213015036
3213015037
3213015038
3213015039
3213015040
3213015043
3213015046
3213015049
3213015051
3213015052
3213015055
3213015059
3213015063
3213015065
3213015066
3213015068
3213015073
3213015075
3213015077
3213015080
3213015089
3213015091
3213015093
3213015094
3213015104
3213015107
3213015112
3213015117
3213015119
3213015125
3213015128
3213015135
3213015142
3213015148
3213015155
3213015156
3213015158
3213015164
3213015165
3213015167
3213015175
3213015176
3213015178
3213015179
3213015180
3213015184
3213015190
3213015192
3213015197
3213015198
3213015204
3213015205
3213015208
3213015211
3213015212
3213015216
3213015225
3213015226
3213015227
3213015230
3213015231
3213015236
3213015240
3213015241
3213015242
3213015246
3213015247
3213015254
3213015257
3213015258
3213015264
3213015268
3213015270
3213015279
3213015290
3213015296
3213015298
3213015299
3213015307
3213015310
3213015318
3213015321
3213015323
3213015325
3213015332
3213015334
3213015335
3213015336
3213015339
3213015348
3213015349
3213015350
3213015351
3213015353
3213015356
3213015360
3213015362
3213015364
3213015365
3213015366
3213015367
3213015368
3213015375
3213015378
3213015379
3213015380
3213015384
3213015389
3213015390
3213015396
3213015401
3213015402
3213015405
3213015406
3213015407
3213015411
3213015412
3213015415
3213015416
3213015429
3213015430
3213015431
3213015434
3213015436
3213015445
3213015448
3213015449
3213015456
3213015464
3213015472
3213015473
3213015477
3213015483
3213015489
3213015490
3213015491
3213015493
3213015496
3213015499
3213015501
3213015504
3213015506
3213015507
3213015509
3213015510
3213015512
3213015513
3213015514
3213015517
3213015519
3213015521
3213015523
3213015525
3213015534
3213015536
3213015537
3213015541
3213015544
3213015550
3213015554
3213015556
3213015557
3213015558
3213015562
3213015564
3213015565
3213015567
3213015570
3213015572
3213015576
3213015577
3213015579
3213015588
3213015591
3213015593
3213015596
3213015598
3213015600
3213015605
3213015606
3213015607
3213015610
3213015612
3213015615
3213015617
3213015620
3213015624
3213015630
3213015631
3213015633
3213015634
3213015636
3213015637
3213015639
3213015640
3213015641
3213015644
3213015654
3213015658
3213015659
3213015660
3213015666
3213015669
3213015675
3213015677
3213015679
3213015680
3213015683
3213015689
3213015690
3213015692
3213015693
3213015695
3213015699
3213015702
3213015704
3213015705
3213015706
3213015710
3213015713
3213015719
3213015720
3213015726
3213015727
3213015731
3213015736
3213015738
3213015740
3213015743
3213015746
3213015748
3213015752
3213015764
3213015766
3213015773
3213015775
3213015777
3213015778
3213015781
3213015784
3213015786
3213015787
3213015792
3213015793
3213015795
3213015796
3213015798
3213015804
3213015810
3213015811
3213015818
3213015822
3213015828
3213015829
3213015830
3213015832
3213015834
3213015837
3213015839
3213015841
3213015843
3213015845
3213015846
3213015850
3213015852
3213015861
3213015862
3213015865
3213015869
3213015870
3213015872
3213015873
3213015877
3213015879
3213015880
3213015882
3213015883
3213015887
3213015889
3213015892
3213015893
3213015898
3213015899
3213015901
3213015905
3213015909
3213015913
3213015918
3213015919
3213015920
3213015923
3213015926
3213015930
3213015933
3213015935
3213015939
3213015949
3213015951
3213015954
3213015958
3213015961
3213015967
3213015969
3213015971
3213015972
3213015974
3213015976
3213015979
3213015986
3213015988
3213015990
3213015991
3213015992
3213015998
3213016003
3213016004
3213016006
3213016008
3213016011
